131454
623277
131356
623250
715231
623931
587913
1034
589199
762
623904
990
131512
621411
131519
633087
621396
624729
623343
131674
624723
623529
587616
131780
589202
131304
854
131296
1043
625572
131797
638561
621666
621408
623946
623166
709526
624018
610866
633066
670554
644081
131506
589355
625044
622146
688741
587679
587829
624264
708377
662389
688753
131583
131762
633072
657626
623082
625584
654374
131825
621432
131376
131706
627726
131632
131557
593057
688807
609360
587652
623517
131465
998
624096
648695
131298
131421
625128
609675
623853
623883
131686
622983
660686
708623
626178
632043
639089
131707
589343
679062
642584
660953
625062
131677
131687
624285
131538
624021
623793
131453
131434
587604
131657
623568
626193
623679
131792
131722
645977
625479
678558
621834
625209
622560
710916
698714
624057
624861
625305
688660
689086
647924
709424
624084
703933
624543
672210
587802
587889
625296
626031
131395
662293
589145
625278
131714
639062
688663
131469
131600
131646
131625
670440
621492
609888
131373
131596
644069
670533
587769
131516
623103
684949
